AMPA_g_init: 1.115965180410803
AMPA_Tau_r: 0.06828289728594421
AMPA_Tau_d1: 1.7041177058103865
AMPA_Tau_d2: 7.020524126553463
AMPA_A_r: 1.886292737184908
AMPA_A1: 7.63072301638014
AMPA_A2: 2.5824424428033272
