GABA_g_init: 1.0230134014130856
GABA_Tau_r: 0.31230551452717137
GABA_Tau_d1: 2.9081700675470903
GABA_Tau_d2: 29.3943338444682
GABA_A_r: 3.8423880947398508
GABA_A1: 6.293522738150232
GABA_A2: 4.524929470710231
