NMDA_g_init: 0.023436539864118
NMDA_Tau_r: 21.192329383729344
NMDA_Tau_d1: 14.860706054687927
NMDA_Tau_d2: 121.08581080624421
NMDA_A_r: 3.2972228905396754
NMDA_A1: 2.951290940616272
NMDA_A2: 0.21348858259846124
