AMPA_g_init: 0.3545867855750201
AMPA_Tau_r: 0.07998662076204388
AMPA_Tau_d1: 0.8822965880874376
AMPA_Tau_d2: 1.3586665277793426
AMPA_A_r: 0.9852197655470364
AMPA_A1: 12.993176835484471
AMPA_A2: 2.1378395883863957
