NMDA_g_init: 0.01514802993681726
NMDA_Tau_r: 37.622573319469055
NMDA_Tau_d1: 53.15105534517695
NMDA_Tau_d2: 892.4760819720726
NMDA_A_r: 4.743977499613861
NMDA_A1: 2.854964381660505
NMDA_A2: 0.35317007422511043
