GABA_g_init: 1.147351289523836
GABA_Tau_r: 0.0986110076027786
GABA_Tau_d1: 3.078983999952345
GABA_Tau_d2: 29.54392544147285
GABA_A_r: 1.5749939598296472
GABA_A1: 6.891121141182378
GABA_A2: 4.883041970115531
