AMPA_g_init: 0.7261241439376229
AMPA_Tau_r: 0.06698111728388399
AMPA_Tau_d1: 0.8482199889588548
AMPA_Tau_d2: 1.9498307579186067
AMPA_A_r: 0.7566796251124199
AMPA_A1: 5.690348485137838
AMPA_A2: 0.6780028154381605
