GABA_g_init: 2.7156387196300833
GABA_Tau_r: 0.5212314480284675
GABA_Tau_d1: 1.9038890789605982
GABA_Tau_d2: 29.36529386904279
GABA_A_r: 3.6830322372741566
GABA_A1: 1.6809948892642512
GABA_A2: 0.9717224688439102
