AMPA_g_init: 0.5986151464078818
AMPA_Tau_r: 0.2885454465778898
AMPA_Tau_d1: 0.361214360260991
AMPA_Tau_d2: 1.1702221289816273
AMPA_A_r: 2.537866943371753
AMPA_A1: 0.7686340271346837
AMPA_A2: 1.3031463264578722
