AMPA_g_init: 0.19294907221534321
AMPA_Tau_r: 0.686334499921023
AMPA_Tau_d1: 0.08637409507467056
AMPA_Tau_d2: 0.10086052627970157
AMPA_A_r: 0.7097862389833014
AMPA_A1: 4.011865516012454
AMPA_A2: 3.988541673612559
