GABA_g_init: 1.8938290878206254
GABA_Tau_r: 0.1846418908724778
GABA_Tau_d1: 2.639679024851566
GABA_Tau_d2: 30.94312372047139
GABA_A_r: 4.657518450694935
GABA_A1: 8.885629800234906
GABA_A2: 5.752371937918636
