GABA_g_init: 1.1487687456539493
GABA_Tau_r: 0.37383077569256745
GABA_Tau_d1: 3.1073175264777047
GABA_Tau_d2: 29.20898014832495
GABA_A_r: 6.80395085901533
GABA_A1: 9.254883332147838
GABA_A2: 6.738700331790382
