NMDA_g_init: 0.005421817538203816
NMDA_Tau_r: 47.40777695927046
NMDA_Tau_d1: 51.58825950692386
NMDA_Tau_d2: 769.3667455068031
NMDA_A_r: 6.155174515299148
NMDA_A1: 3.7422751919354367
NMDA_A2: 0.4980434420823697
