GABA_g_init: 2.0879285694406864
GABA_Tau_r: 0.7622223660610657
GABA_Tau_d1: 2.814505586125079
GABA_Tau_d2: 28.744462070299914
GABA_A_r: 7.382885340300089
GABA_A1: 1.7476237681931543
GABA_A2: 1.2018061113172258
