AMPA_g_init: 1.3254051705870171
AMPA_Tau_r: 0.9966611702091053
AMPA_Tau_d1: 0.38598738306536895
AMPA_Tau_d2: 3.7021239405389736
AMPA_A_r: 6.973773179799838
AMPA_A1: 1.4551614318130006
AMPA_A2: 1.5956590886325035
