AMPA_g_init: 0.09324813802356961
AMPA_Tau_r: 0.832811417468158
AMPA_Tau_d1: 0.16858899559030588
AMPA_Tau_d2: 1.1220894106498769
AMPA_A_r: 4.881100222623705
AMPA_A1: 17.07322080857238
AMPA_A2: 14.764149216255884
