NMDA_g_init: 0.06507491002133782
NMDA_Tau_r: 7.492933042162157
NMDA_Tau_d1: 49.78301745858933
NMDA_Tau_d2: 784.4672149211721
NMDA_A_r: 1.3691425668447825
NMDA_A1: 2.511748085213512
NMDA_A2: 0.3665220416477684
