GABA_g_init: 1.3151310972091212
GABA_Tau_r: 0.053683219557698475
GABA_Tau_d1: 3.152870390966184
GABA_Tau_d2: 30.865100595503556
GABA_A_r: 1.1210903243968233
GABA_A1: 6.8163375993712085
GABA_A2: 4.789365648233557
