GABA_g_init: 0.16167187460716928
GABA_Tau_r: 0.37595979577132965
GABA_Tau_d1: 27.292807790043216
GABA_Tau_d2: 269.0589627801647
GABA_A_r: 4.540622636273912
GABA_A1: 10.603535445257966
GABA_A2: 3.144942430956719
