
              -- N E S T --
  Copyright (C) 2004 The NEST Initiative

 Version: 3.9.0-post0.dev0
 Built: Feb 20 2026 14:37:39

 This program is provided AS IS and comes with
 NO WARRANTY. See the file LICENSE for details.

 Problems or suggestions?
   Visit https://www.nest-simulator.org

 Type 'nest.help()' to find out more about NEST.


Mar 04 16:44:14 Install [Info]: 
    loaded module cerebmodule

Mar 04 16:44:14 Install [Info]: 
    loaded module cerebmodule

Mar 04 16:44:14 Install [Info]: 
    loaded module cerebmodule
[2026-03-04 16:44:14.842581 - BSB] JobStatus.RUNNING {root}.morphologies[0]
[2026-03-04 16:44:14.852677 - BSB] JobStatus.SUCCESS {root}.morphologies[0]
[2026-03-04 16:44:14.852704 - BSB] JobStatus.RUNNING {root}.morphologies[1]
[2026-03-04 16:44:14.939213 - BSB] JobStatus.SUCCESS {root}.morphologies[1]
[2026-03-04 16:44:14.939246 - BSB] JobStatus.RUNNING {root}.morphologies[2]
[2026-03-04 16:44:14.986707 - BSB] JobStatus.SUCCESS {root}.morphologies[2]
[2026-03-04 16:44:14.986733 - BSB] JobStatus.RUNNING {root}.morphologies[3]
[2026-03-04 16:44:15.009171 - BSB] JobStatus.SUCCESS {root}.morphologies[3]
[2026-03-04 16:44:15.009193 - BSB] JobStatus.RUNNING {root}.morphologies[4]
[2026-03-04 16:44:15.042139 - BSB] JobStatus.SUCCESS {root}.morphologies[4]
[2026-03-04 16:44:15.049676 - BSB] JobStatus.RUNNING {root}.connectivity.io_to_mli_plus
AAAAAAAA:  io_to_purkinje_plus
BBBBBBBB:  (array([[ 2, -1, -1],
       [ 3, -1, -1],
       [ 3, -1, -1],
       [ 2, -1, -1],
       [ 3, -1, -1],
       [ 3, -1, -1],
       [ 7, -1, -1],
       [ 7, -1, -1],
       [ 7, -1, -1],
       [10, -1, -1],
       [ 8, -1, -1],
       [10, -1, -1],
       [ 8, -1, -1],
       [10, -1, -1],
       [10, -1, -1],
       [ 8, -1, -1],
       [10, -1, -1],
       [ 8, -1, -1],
       [10, -1, -1],
       [12, -1, -1],
       [13, -1, -1],
       [12, -1, -1],
       [12, -1, -1],
       [13, -1, -1],
       [13, -1, -1],
       [13, -1, -1],
       [13, -1, -1],
       [13, -1, -1],
       [12, -1, -1],
       [13, -1, -1],
       [13, -1, -1],
       [13, -1, -1],
       [12, -1, -1],
       [12, -1, -1]]), array([[ 5, -1, -1],
       [23, -1, -1],
       [40, -1, -1],
       [45, -1, -1],
       [61, -1, -1],
       [63, -1, -1],
       [ 1, -1, -1],
       [15, -1, -1],
       [64, -1, -1],
       [ 4, -1, -1],
       [16, -1, -1],
       [18, -1, -1],
       [22, -1, -1],
       [34, -1, -1],
       [36, -1, -1],
       [39, -1, -1],
       [42, -1, -1],
       [47, -1, -1],
       [55, -1, -1],
       [ 0, -1, -1],
       [ 3, -1, -1],
       [ 7, -1, -1],
       [11, -1, -1],
       [13, -1, -1],
       [20, -1, -1],
       [24, -1, -1],
       [37, -1, -1],
       [41, -1, -1],
       [52, -1, -1],
       [56, -1, -1],
       [57, -1, -1],
       [59, -1, -1],
       [62, -1, -1],
       [66, -1, -1]]))
CCCCCCCC:  (array([[ 2, -1, -1],
       [ 3, -1, -1],
       [ 3, -1, -1],
       [ 2, -1, -1],
       [ 3, -1, -1],
       [ 3, -1, -1],
       [ 7, -1, -1],
       [ 7, -1, -1],
       [ 7, -1, -1],
       [10, -1, -1],
       [ 8, -1, -1],
       [10, -1, -1],
       [ 8, -1, -1],
       [10, -1, -1],
       [10, -1, -1],
       [ 8, -1, -1],
       [10, -1, -1],
       [ 8, -1, -1],
       [10, -1, -1],
       [12, -1, -1],
       [13, -1, -1],
       [12, -1, -1],
       [12, -1, -1],
       [13, -1, -1],
       [13, -1, -1],
       [13, -1, -1],
       [13, -1, -1],
       [13, -1, -1],
       [12, -1, -1],
       [13, -1, -1],
       [13, -1, -1],
       [13, -1, -1],
       [12, -1, -1],
       [12, -1, -1]]), array([[ 5, -1, -1],
       [23, -1, -1],
       [40, -1, -1],
       [45, -1, -1],
       [61, -1, -1],
       [63, -1, -1],
       [ 1, -1, -1],
       [15, -1, -1],
       [64, -1, -1],
       [ 4, -1, -1],
       [16, -1, -1],
       [18, -1, -1],
       [22, -1, -1],
       [34, -1, -1],
       [36, -1, -1],
       [39, -1, -1],
       [42, -1, -1],
       [47, -1, -1],
       [55, -1, -1],
       [ 0, -1, -1],
       [ 3, -1, -1],
       [ 7, -1, -1],
       [11, -1, -1],
       [13, -1, -1],
       [20, -1, -1],
       [24, -1, -1],
       [37, -1, -1],
       [41, -1, -1],
       [52, -1, -1],
       [56, -1, -1],
       [57, -1, -1],
       [59, -1, -1],
       [62, -1, -1],
       [66, -1, -1]]))
OK:  [ 2  3  7  8 10 12 13] <class 'numpy.ndarray'> [ 0  0  2  3  0  0  0  7  8  0 10  0 12 13]
AAAAAAAA:  basket_to_purkinje_plus
BBBBBBBB:  (array([[  6,  48,   5],
       [ 16,  64,  16],
       [ 21,  47,  48],
       ...,
       [137, 108, 147],
       [138,  88,  54],
       [139,  62,  99]]), array([[ 0,  1, 11],
       [ 0,  0,  0],
       [ 0,  1, 14],
       ...,
       [66,  1, 10],
       [66,  1, 16],
       [66,  1, 15]]))
CCCCCCCC:  (array([[  6,  48,   5],
       [ 16,  64,  16],
       [ 21,  47,  48],
       ...,
       [137, 108, 147],
       [138,  88,  54],
       [139,  62,  99]]), array([[ 0,  1, 11],
       [ 0,  0,  0],
       [ 0,  1, 14],
       ...,
       [66,  1, 10],
       [66,  1, 16],
       [66,  1, 15]]))
[2026-03-04 16:44:15.160882 - BSB] JobStatus.FAILED {root}.connectivity.io_to_mli_plus
